-3.510675219291758
5.591965921590037E-4
0.4687237853766813
0.7028060797689425
0.8198472269650731
0.9368883741612036
1.053929521357334
1.1709706685534647
1.2880118157495952
1.2880118157495952
1.4050529629457258
1.4050529629457258
1.4050529629457258
1.5220941101418566
1.5220941101418566
1.5220941101418566
1.5220941101418566
1.6391352573379872
1.6391352573379872
1.6391352573379872
1.6391352573379872
1.6391352573379872
1.7561764045341177
1.7561764045341177
1.7561764045341177
1.7561764045341177
1.7561764045341177
1.7561764045341177
1.7561764045341177
1.8732175517302483
1.8732175517302483
1.8732175517302483
1.8732175517302483
1.8732175517302483
1.8732175517302483
1.8732175517302483
1.8732175517302483
1.8732175517302483
1.9902586989263789
1.9902586989263789
1.9902586989263789
1.9902586989263789
1.9902586989263789
1.9902586989263789
1.9902586989263789
1.9902586989263789
1.9902586989263789
1.9902586989263789
1.9902586989263789
1.9902586989263789
1.9902586989263789
1.9902586989263789
1.9902586989263789
2.107299846122509
2.107299846122509
2.107299846122509
2.107299846122509
2.107299846122509
2.107299846122509
2.107299846122509
2.107299846122509
2.107299846122509
2.107299846122509
2.107299846122509
2.107299846122509
2.107299846122509
2.107299846122509
2.107299846122509
2.107299846122509
2.107299846122509
2.107299846122509
2.107299846122509
2.107299846122509
2.107299846122509
2.107299846122509
2.22434099331864
2.22434099331864
2.22434099331864
2.22434099331864
2.22434099331864
2.22434099331864
2.22434099331864
2.22434099331864
2.22434099331864
2.22434099331864
2.22434099331864
2.22434099331864
2.22434099331864
2.22434099331864
2.22434099331864
2.22434099331864
2.22434099331864
2.22434099331864
2.22434099331864
2.22434099331864
2.22434099331864
2.22434099331864
2.22434099331864
2.22434099331864
